,id_central,central_nombre,fecha,hora,generacion,energia_ernc,tipo_central
4440,407,LAS ARAUCARIAS,2018-02-01,1,0.0,0.0,Solar
4441,407,LAS ARAUCARIAS,2018-02-01,2,0.0,0.0,Solar
4442,407,LAS ARAUCARIAS,2018-02-01,3,0.0,0.0,Solar
4443,407,LAS ARAUCARIAS,2018-02-01,4,0.0,0.0,Solar
4444,407,LAS ARAUCARIAS,2018-02-01,5,0.0,0.0,Solar
4445,407,LAS ARAUCARIAS,2018-02-01,6,0.0,0.0,Solar
4446,407,LAS ARAUCARIAS,2018-02-01,7,0.00043278,0.00043278,Solar
4447,407,LAS ARAUCARIAS,2018-02-01,8,0.010175222,0.010175222,Solar
4448,407,LAS ARAUCARIAS,2018-02-01,9,0.034395036000000004,0.034395036000000004,Solar
4449,407,LAS ARAUCARIAS,2018-02-01,10,0.058525467000000005,0.058525467000000005,Solar
4450,407,LAS ARAUCARIAS,2018-02-01,11,0.077437115,0.077437115,Solar
4451,407,LAS ARAUCARIAS,2018-02-01,12,0.087376831,0.087376831,Solar
4452,407,LAS ARAUCARIAS,2018-02-01,13,0.091481668,0.091481668,Solar
4453,407,LAS ARAUCARIAS,2018-02-01,14,0.09198068599999999,0.09198068599999999,Solar
4454,407,LAS ARAUCARIAS,2018-02-01,15,0.087326759,0.087326759,Solar
4455,407,LAS ARAUCARIAS,2018-02-01,16,0.076196465,0.076196465,Solar
4456,407,LAS ARAUCARIAS,2018-02-01,17,0.05779037,0.05779037,Solar
4457,407,LAS ARAUCARIAS,2018-02-01,18,0.03321857,0.03321857,Solar
4458,407,LAS ARAUCARIAS,2018-02-01,19,0.010695415,0.010695415,Solar
4459,407,LAS ARAUCARIAS,2018-02-01,20,0.0013304120000000002,0.0013304120000000002,Solar
4460,407,LAS ARAUCARIAS,2018-02-01,21,0.0,0.0,Solar
4461,407,LAS ARAUCARIAS,2018-02-01,22,0.0,0.0,Solar
4462,407,LAS ARAUCARIAS,2018-02-01,23,0.0,0.0,Solar
4463,407,LAS ARAUCARIAS,2018-02-01,24,0.0,0.0,Solar
11568,407,LAS ARAUCARIAS,2018-02-02,1,0.0,0.0,Solar
11569,407,LAS ARAUCARIAS,2018-02-02,2,0.0,0.0,Solar
11570,407,LAS ARAUCARIAS,2018-02-02,3,0.0,0.0,Solar
11571,407,LAS ARAUCARIAS,2018-02-02,4,0.0,0.0,Solar
11572,407,LAS ARAUCARIAS,2018-02-02,5,0.0,0.0,Solar
11573,407,LAS ARAUCARIAS,2018-02-02,6,0.0,0.0,Solar
11574,407,LAS ARAUCARIAS,2018-02-02,7,0.000432346,0.000432346,Solar
11575,407,LAS ARAUCARIAS,2018-02-02,8,0.00975413,0.00975413,Solar
11576,407,LAS ARAUCARIAS,2018-02-02,9,0.03304451,0.03304451,Solar
11577,407,LAS ARAUCARIAS,2018-02-02,10,0.057514265999999994,0.057514265999999994,Solar
11578,407,LAS ARAUCARIAS,2018-02-02,11,0.077087778,0.077087778,Solar
11579,407,LAS ARAUCARIAS,2018-02-02,12,0.088619961,0.088619961,Solar
11580,407,LAS ARAUCARIAS,2018-02-02,13,0.09349976900000001,0.09349976900000001,Solar
11581,407,LAS ARAUCARIAS,2018-02-02,14,0.09322678599999999,0.09322678599999999,Solar
11582,407,LAS ARAUCARIAS,2018-02-02,15,0.08884747900000001,0.08884747900000001,Solar
11583,407,LAS ARAUCARIAS,2018-02-02,16,0.07674542,0.07674542,Solar
11584,407,LAS ARAUCARIAS,2018-02-02,17,0.057763945,0.057763945,Solar
11585,407,LAS ARAUCARIAS,2018-02-02,18,0.033102003,0.033102003,Solar
11586,407,LAS ARAUCARIAS,2018-02-02,19,0.010796448,0.010796448,Solar
11587,407,LAS ARAUCARIAS,2018-02-02,20,0.001378245,0.001378245,Solar
11588,407,LAS ARAUCARIAS,2018-02-02,21,0.0,0.0,Solar
11589,407,LAS ARAUCARIAS,2018-02-02,22,0.0,0.0,Solar
11590,407,LAS ARAUCARIAS,2018-02-02,23,0.0,0.0,Solar
11591,407,LAS ARAUCARIAS,2018-02-02,24,0.0,0.0,Solar
20592,407,LAS ARAUCARIAS,2018-02-03,1,0.0,0.0,Solar
20593,407,LAS ARAUCARIAS,2018-02-03,2,0.0,0.0,Solar
20594,407,LAS ARAUCARIAS,2018-02-03,3,0.0,0.0,Solar
20595,407,LAS ARAUCARIAS,2018-02-03,4,0.0,0.0,Solar
20596,407,LAS ARAUCARIAS,2018-02-03,5,0.0,0.0,Solar
20597,407,LAS ARAUCARIAS,2018-02-03,6,0.0,0.0,Solar
20598,407,LAS ARAUCARIAS,2018-02-03,7,0.000440246,0.000440246,Solar
20599,407,LAS ARAUCARIAS,2018-02-03,8,0.002112118,0.002112118,Solar
20600,407,LAS ARAUCARIAS,2018-02-03,9,0.0,0.0,Solar
20601,407,LAS ARAUCARIAS,2018-02-03,10,0.0,0.0,Solar
20602,407,LAS ARAUCARIAS,2018-02-03,11,0.0,0.0,Solar
20603,407,LAS ARAUCARIAS,2018-02-03,12,0.0,0.0,Solar
20604,407,LAS ARAUCARIAS,2018-02-03,13,0.04424969,0.04424969,Solar
20605,407,LAS ARAUCARIAS,2018-02-03,14,0.09582167800000001,0.09582167800000001,Solar
20606,407,LAS ARAUCARIAS,2018-02-03,15,0.094599075,0.094599075,Solar
20607,407,LAS ARAUCARIAS,2018-02-03,16,0.083545662,0.083545662,Solar
20608,407,LAS ARAUCARIAS,2018-02-03,17,0.062781852,0.062781852,Solar
20609,407,LAS ARAUCARIAS,2018-02-03,18,0.032906517999999996,0.032906517999999996,Solar
20610,407,LAS ARAUCARIAS,2018-02-03,19,0.013965661,0.013965661,Solar
20611,407,LAS ARAUCARIAS,2018-02-03,20,0.001090872,0.001090872,Solar
20612,407,LAS ARAUCARIAS,2018-02-03,21,0.0,0.0,Solar
20613,407,LAS ARAUCARIAS,2018-02-03,22,0.0,0.0,Solar
20614,407,LAS ARAUCARIAS,2018-02-03,23,0.0,0.0,Solar
20615,407,LAS ARAUCARIAS,2018-02-03,24,0.0,0.0,Solar
31128,407,LAS ARAUCARIAS,2018-02-04,1,0.0,0.0,Solar
31129,407,LAS ARAUCARIAS,2018-02-04,2,0.0,0.0,Solar
31130,407,LAS ARAUCARIAS,2018-02-04,3,0.0,0.0,Solar
31131,407,LAS ARAUCARIAS,2018-02-04,4,0.0,0.0,Solar
31132,407,LAS ARAUCARIAS,2018-02-04,5,0.0,0.0,Solar
31133,407,LAS ARAUCARIAS,2018-02-04,6,0.0,0.0,Solar
31134,407,LAS ARAUCARIAS,2018-02-04,7,0.00051184,0.00051184,Solar
31135,407,LAS ARAUCARIAS,2018-02-04,8,0.011347476,0.011347476,Solar
31136,407,LAS ARAUCARIAS,2018-02-04,9,0.038685633,0.038685633,Solar
31137,407,LAS ARAUCARIAS,2018-02-04,10,0.064813493,0.064813493,Solar
31138,407,LAS ARAUCARIAS,2018-02-04,11,0.083663656,0.083663656,Solar
31139,407,LAS ARAUCARIAS,2018-02-04,12,0.09275258300000001,0.09275258300000001,Solar
31140,407,LAS ARAUCARIAS,2018-02-04,13,0.096861387,0.096861387,Solar
31141,407,LAS ARAUCARIAS,2018-02-04,14,0.096951822,0.096951822,Solar
31142,407,LAS ARAUCARIAS,2018-02-04,15,0.089625055,0.089625055,Solar
31143,407,LAS ARAUCARIAS,2018-02-04,16,0.06746731,0.06746731,Solar
31144,407,LAS ARAUCARIAS,2018-02-04,17,0.0605751,0.0605751,Solar
31145,407,LAS ARAUCARIAS,2018-02-04,18,0.038010558,0.038010558,Solar
31146,407,LAS ARAUCARIAS,2018-02-04,19,0.01326387,0.01326387,Solar
31147,407,LAS ARAUCARIAS,2018-02-04,20,0.0018411529999999999,0.0018411529999999999,Solar
31148,407,LAS ARAUCARIAS,2018-02-04,21,0.0,0.0,Solar
31149,407,LAS ARAUCARIAS,2018-02-04,22,0.0,0.0,Solar
31150,407,LAS ARAUCARIAS,2018-02-04,23,0.0,0.0,Solar
31151,407,LAS ARAUCARIAS,2018-02-04,24,0.0,0.0,Solar
45576,407,LAS ARAUCARIAS,2018-02-05,1,0.0,0.0,Solar
45577,407,LAS ARAUCARIAS,2018-02-05,2,0.0,0.0,Solar
45578,407,LAS ARAUCARIAS,2018-02-05,3,0.0,0.0,Solar
45579,407,LAS ARAUCARIAS,2018-02-05,4,0.0,0.0,Solar
45580,407,LAS ARAUCARIAS,2018-02-05,5,0.0,0.0,Solar
45581,407,LAS ARAUCARIAS,2018-02-05,6,0.0,0.0,Solar
45582,407,LAS ARAUCARIAS,2018-02-05,7,0.000442842,0.000442842,Solar
45583,407,LAS ARAUCARIAS,2018-02-05,8,0.010485,0.010485,Solar
45584,407,LAS ARAUCARIAS,2018-02-05,9,0.036572489,0.036572489,Solar
45585,407,LAS ARAUCARIAS,2018-02-05,10,0.061409548,0.061409548,Solar
45586,407,LAS ARAUCARIAS,2018-02-05,11,0.080715467,0.080715467,Solar
45587,407,LAS ARAUCARIAS,2018-02-05,12,0.091168507,0.091168507,Solar
45588,407,LAS ARAUCARIAS,2018-02-05,13,0.096940245,0.096940245,Solar
45589,407,LAS ARAUCARIAS,2018-02-05,14,0.09801586,0.09801586,Solar
45590,407,LAS ARAUCARIAS,2018-02-05,15,0.08848384699999999,0.08848384699999999,Solar
45591,407,LAS ARAUCARIAS,2018-02-05,16,0.068517231,0.068517231,Solar
45592,407,LAS ARAUCARIAS,2018-02-05,17,0.045566648,0.045566648,Solar
45593,407,LAS ARAUCARIAS,2018-02-05,18,0.013422171,0.013422171,Solar
45594,407,LAS ARAUCARIAS,2018-02-05,19,0.007527573,0.007527573,Solar
45595,407,LAS ARAUCARIAS,2018-02-05,20,0.002092137,0.002092137,Solar
45596,407,LAS ARAUCARIAS,2018-02-05,21,0.0,0.0,Solar
45597,407,LAS ARAUCARIAS,2018-02-05,22,0.0,0.0,Solar
45598,407,LAS ARAUCARIAS,2018-02-05,23,0.0,0.0,Solar
45599,407,LAS ARAUCARIAS,2018-02-05,24,0.0,0.0,Solar
50088,407,LAS ARAUCARIAS,2018-02-06,1,0.0,0.0,Solar
50089,407,LAS ARAUCARIAS,2018-02-06,2,0.0,0.0,Solar
50090,407,LAS ARAUCARIAS,2018-02-06,3,0.0,0.0,Solar
50091,407,LAS ARAUCARIAS,2018-02-06,4,0.0,0.0,Solar
50092,407,LAS ARAUCARIAS,2018-02-06,5,0.0,0.0,Solar
50093,407,LAS ARAUCARIAS,2018-02-06,6,0.0,0.0,Solar
50094,407,LAS ARAUCARIAS,2018-02-06,7,0.00034048199999999997,0.00034048199999999997,Solar
50095,407,LAS ARAUCARIAS,2018-02-06,8,0.008675374,0.008675374,Solar
50096,407,LAS ARAUCARIAS,2018-02-06,9,0.028402858,0.028402858,Solar
50097,407,LAS ARAUCARIAS,2018-02-06,10,0.04708395,0.04708395,Solar
50098,407,LAS ARAUCARIAS,2018-02-06,11,0.079611418,0.079611418,Solar
50099,407,LAS ARAUCARIAS,2018-02-06,12,0.08480656800000001,0.08480656800000001,Solar
50100,407,LAS ARAUCARIAS,2018-02-06,13,0.098315002,0.098315002,Solar
50101,407,LAS ARAUCARIAS,2018-02-06,14,0.099098597,0.099098597,Solar
50102,407,LAS ARAUCARIAS,2018-02-06,15,0.092915264,0.092915264,Solar
50103,407,LAS ARAUCARIAS,2018-02-06,16,0.081932621,0.081932621,Solar
50104,407,LAS ARAUCARIAS,2018-02-06,17,0.062984103,0.062984103,Solar
50105,407,LAS ARAUCARIAS,2018-02-06,18,0.037531136,0.037531136,Solar
50106,407,LAS ARAUCARIAS,2018-02-06,19,0.013285419,0.013285419,Solar
50107,407,LAS ARAUCARIAS,2018-02-06,20,0.0017781210000000001,0.0017781210000000001,Solar
50108,407,LAS ARAUCARIAS,2018-02-06,21,0.0,0.0,Solar
50109,407,LAS ARAUCARIAS,2018-02-06,22,0.0,0.0,Solar
50110,407,LAS ARAUCARIAS,2018-02-06,23,0.0,0.0,Solar
50111,407,LAS ARAUCARIAS,2018-02-06,24,0.0,0.0,Solar
61176,407,LAS ARAUCARIAS,2018-02-07,1,0.0,0.0,Solar
61177,407,LAS ARAUCARIAS,2018-02-07,2,0.0,0.0,Solar
61178,407,LAS ARAUCARIAS,2018-02-07,3,0.0,0.0,Solar
61179,407,LAS ARAUCARIAS,2018-02-07,4,0.0,0.0,Solar
61180,407,LAS ARAUCARIAS,2018-02-07,5,0.0,0.0,Solar
61181,407,LAS ARAUCARIAS,2018-02-07,6,0.0,0.0,Solar
61182,407,LAS ARAUCARIAS,2018-02-07,7,0.00037290800000000003,0.00037290800000000003,Solar
61183,407,LAS ARAUCARIAS,2018-02-07,8,0.010099331,0.010099331,Solar
61184,407,LAS ARAUCARIAS,2018-02-07,9,0.037008635,0.037008635,Solar
61185,407,LAS ARAUCARIAS,2018-02-07,10,0.063274185,0.063274185,Solar
61186,407,LAS ARAUCARIAS,2018-02-07,11,0.083295319,0.083295319,Solar
61187,407,LAS ARAUCARIAS,2018-02-07,12,0.09578232199999999,0.09578232199999999,Solar
61188,407,LAS ARAUCARIAS,2018-02-07,13,0.10034211400000001,0.10034211400000001,Solar
61189,407,LAS ARAUCARIAS,2018-02-07,14,0.100282433,0.100282433,Solar
61190,407,LAS ARAUCARIAS,2018-02-07,15,0.095386002,0.095386002,Solar
61191,407,LAS ARAUCARIAS,2018-02-07,16,0.083159477,0.083159477,Solar
61192,407,LAS ARAUCARIAS,2018-02-07,17,0.064623065,0.064623065,Solar
61193,407,LAS ARAUCARIAS,2018-02-07,18,0.037962687,0.037962687,Solar
61194,407,LAS ARAUCARIAS,2018-02-07,19,0.01258858,0.01258858,Solar
61195,407,LAS ARAUCARIAS,2018-02-07,20,0.0015517270000000001,0.0015517270000000001,Solar
61196,407,LAS ARAUCARIAS,2018-02-07,21,0.0,0.0,Solar
61197,407,LAS ARAUCARIAS,2018-02-07,22,0.0,0.0,Solar
61198,407,LAS ARAUCARIAS,2018-02-07,23,0.0,0.0,Solar
61199,407,LAS ARAUCARIAS,2018-02-07,24,0.0,0.0,Solar
69504,407,LAS ARAUCARIAS,2018-02-08,1,0.0,0.0,Solar
69505,407,LAS ARAUCARIAS,2018-02-08,2,0.0,0.0,Solar
69506,407,LAS ARAUCARIAS,2018-02-08,3,0.0,0.0,Solar
69507,407,LAS ARAUCARIAS,2018-02-08,4,0.0,0.0,Solar
69508,407,LAS ARAUCARIAS,2018-02-08,5,0.0,0.0,Solar
69509,407,LAS ARAUCARIAS,2018-02-08,6,0.0,0.0,Solar
69510,407,LAS ARAUCARIAS,2018-02-08,7,0.00035492900000000003,0.00035492900000000003,Solar
69511,407,LAS ARAUCARIAS,2018-02-08,8,0.010556066999999999,0.010556066999999999,Solar
69512,407,LAS ARAUCARIAS,2018-02-08,9,0.037699896000000004,0.037699896000000004,Solar
69513,407,LAS ARAUCARIAS,2018-02-08,10,0.064125775,0.064125775,Solar
69514,407,LAS ARAUCARIAS,2018-02-08,11,0.083692801,0.083692801,Solar
69515,407,LAS ARAUCARIAS,2018-02-08,12,0.09435297,0.09435297,Solar
69516,407,LAS ARAUCARIAS,2018-02-08,13,0.099025314,0.099025314,Solar
69517,407,LAS ARAUCARIAS,2018-02-08,14,0.100581751,0.100581751,Solar
69518,407,LAS ARAUCARIAS,2018-02-08,15,0.095058226,0.095058226,Solar
69519,407,LAS ARAUCARIAS,2018-02-08,16,0.08275869599999999,0.08275869599999999,Solar
69520,407,LAS ARAUCARIAS,2018-02-08,17,0.064042037,0.064042037,Solar
69521,407,LAS ARAUCARIAS,2018-02-08,18,0.038267208999999996,0.038267208999999996,Solar
69522,407,LAS ARAUCARIAS,2018-02-08,19,0.013148628999999998,0.013148628999999998,Solar
69523,407,LAS ARAUCARIAS,2018-02-08,20,0.001890505,0.001890505,Solar
69524,407,LAS ARAUCARIAS,2018-02-08,21,0.0,0.0,Solar
69525,407,LAS ARAUCARIAS,2018-02-08,22,0.0,0.0,Solar
69526,407,LAS ARAUCARIAS,2018-02-08,23,0.0,0.0,Solar
69527,407,LAS ARAUCARIAS,2018-02-08,24,0.0,0.0,Solar
77400,407,LAS ARAUCARIAS,2018-02-09,1,0.0,0.0,Solar
77401,407,LAS ARAUCARIAS,2018-02-09,2,0.0,0.0,Solar
77402,407,LAS ARAUCARIAS,2018-02-09,3,0.0,0.0,Solar
77403,407,LAS ARAUCARIAS,2018-02-09,4,0.0,0.0,Solar
77404,407,LAS ARAUCARIAS,2018-02-09,5,0.0,0.0,Solar
77405,407,LAS ARAUCARIAS,2018-02-09,6,0.0,0.0,Solar
77406,407,LAS ARAUCARIAS,2018-02-09,7,0.00031480799999999997,0.00031480799999999997,Solar
77407,407,LAS ARAUCARIAS,2018-02-09,8,0.009990903,0.009990903,Solar
77408,407,LAS ARAUCARIAS,2018-02-09,9,0.037513653,0.037513653,Solar
77409,407,LAS ARAUCARIAS,2018-02-09,10,0.066748523,0.066748523,Solar
77410,407,LAS ARAUCARIAS,2018-02-09,11,0.085391527,0.085391527,Solar
77411,407,LAS ARAUCARIAS,2018-02-09,12,0.09644536199999999,0.09644536199999999,Solar
77412,407,LAS ARAUCARIAS,2018-02-09,13,0.101159704,0.101159704,Solar
77413,407,LAS ARAUCARIAS,2018-02-09,14,0.099155016,0.099155016,Solar
77414,407,LAS ARAUCARIAS,2018-02-09,15,0.094285503,0.094285503,Solar
77415,407,LAS ARAUCARIAS,2018-02-09,16,0.083434299,0.083434299,Solar
77416,407,LAS ARAUCARIAS,2018-02-09,17,0.065865221,0.065865221,Solar
77417,407,LAS ARAUCARIAS,2018-02-09,18,0.039832812999999995,0.039832812999999995,Solar
77418,407,LAS ARAUCARIAS,2018-02-09,19,0.012547118999999999,0.012547118999999999,Solar
77419,407,LAS ARAUCARIAS,2018-02-09,20,0.000982821,0.000982821,Solar
77420,407,LAS ARAUCARIAS,2018-02-09,21,0.0,0.0,Solar
77421,407,LAS ARAUCARIAS,2018-02-09,22,0.0,0.0,Solar
77422,407,LAS ARAUCARIAS,2018-02-09,23,0.0,0.0,Solar
77423,407,LAS ARAUCARIAS,2018-02-09,24,0.0,0.0,Solar
89568,407,LAS ARAUCARIAS,2018-02-10,1,0.0,0.0,Solar
89569,407,LAS ARAUCARIAS,2018-02-10,2,0.0,0.0,Solar
89570,407,LAS ARAUCARIAS,2018-02-10,3,0.0,0.0,Solar
89571,407,LAS ARAUCARIAS,2018-02-10,4,0.0,0.0,Solar
89572,407,LAS ARAUCARIAS,2018-02-10,5,0.0,0.0,Solar
89573,407,LAS ARAUCARIAS,2018-02-10,6,0.0,0.0,Solar
89574,407,LAS ARAUCARIAS,2018-02-10,7,0.000205831,0.000205831,Solar
89575,407,LAS ARAUCARIAS,2018-02-10,8,0.011230673,0.011230673,Solar
89576,407,LAS ARAUCARIAS,2018-02-10,9,0.042523725,0.042523725,Solar
89577,407,LAS ARAUCARIAS,2018-02-10,10,0.069330742,0.069330742,Solar
89578,407,LAS ARAUCARIAS,2018-02-10,11,0.08844288300000001,0.08844288300000001,Solar
89579,407,LAS ARAUCARIAS,2018-02-10,12,0.097405386,0.097405386,Solar
89580,407,LAS ARAUCARIAS,2018-02-10,13,0.10083460400000001,0.10083460400000001,Solar
89581,407,LAS ARAUCARIAS,2018-02-10,14,0.098239773,0.098239773,Solar
89582,407,LAS ARAUCARIAS,2018-02-10,15,0.093797096,0.093797096,Solar
89583,407,LAS ARAUCARIAS,2018-02-10,16,0.08485663199999999,0.08485663199999999,Solar
89584,407,LAS ARAUCARIAS,2018-02-10,17,0.041968596,0.041968596,Solar
89585,407,LAS ARAUCARIAS,2018-02-10,18,0.026514812999999998,0.026514812999999998,Solar
89586,407,LAS ARAUCARIAS,2018-02-10,19,0.015271285,0.015271285,Solar
89587,407,LAS ARAUCARIAS,2018-02-10,20,0.0039331259999999995,0.0039331259999999995,Solar
89588,407,LAS ARAUCARIAS,2018-02-10,21,0.0,0.0,Solar
89589,407,LAS ARAUCARIAS,2018-02-10,22,0.0,0.0,Solar
89590,407,LAS ARAUCARIAS,2018-02-10,23,0.0,0.0,Solar
89591,407,LAS ARAUCARIAS,2018-02-10,24,0.0,0.0,Solar
99600,407,LAS ARAUCARIAS,2018-02-11,1,0.0,0.0,Solar
99601,407,LAS ARAUCARIAS,2018-02-11,2,0.0,0.0,Solar
99602,407,LAS ARAUCARIAS,2018-02-11,3,0.0,0.0,Solar
99603,407,LAS ARAUCARIAS,2018-02-11,4,0.0,0.0,Solar
99604,407,LAS ARAUCARIAS,2018-02-11,5,0.0,0.0,Solar
99605,407,LAS ARAUCARIAS,2018-02-11,6,0.0,0.0,Solar
99606,407,LAS ARAUCARIAS,2018-02-11,7,0.00020297900000000002,0.00020297900000000002,Solar
99607,407,LAS ARAUCARIAS,2018-02-11,8,0.011017005,0.011017005,Solar
99608,407,LAS ARAUCARIAS,2018-02-11,9,0.042554286,0.042554286,Solar
99609,407,LAS ARAUCARIAS,2018-02-11,10,0.06965064900000001,0.06965064900000001,Solar
99610,407,LAS ARAUCARIAS,2018-02-11,11,0.086936573,0.086936573,Solar
99611,407,LAS ARAUCARIAS,2018-02-11,12,0.09321439,0.09321439,Solar
99612,407,LAS ARAUCARIAS,2018-02-11,13,0.09538484400000001,0.09538484400000001,Solar
99613,407,LAS ARAUCARIAS,2018-02-11,14,0.094793377,0.094793377,Solar
99614,407,LAS ARAUCARIAS,2018-02-11,15,0.09230014,0.09230014,Solar
99615,407,LAS ARAUCARIAS,2018-02-11,16,0.08080072,0.08080072,Solar
99616,407,LAS ARAUCARIAS,2018-02-11,17,0.063768294,0.063768294,Solar
99617,407,LAS ARAUCARIAS,2018-02-11,18,0.038710387,0.038710387,Solar
99618,407,LAS ARAUCARIAS,2018-02-11,19,0.012052461,0.012052461,Solar
99619,407,LAS ARAUCARIAS,2018-02-11,20,0.000865745,0.000865745,Solar
99620,407,LAS ARAUCARIAS,2018-02-11,21,0.0,0.0,Solar
99621,407,LAS ARAUCARIAS,2018-02-11,22,0.0,0.0,Solar
99622,407,LAS ARAUCARIAS,2018-02-11,23,0.0,0.0,Solar
99623,407,LAS ARAUCARIAS,2018-02-11,24,0.0,0.0,Solar
109944,407,LAS ARAUCARIAS,2018-02-12,1,0.0,0.0,Solar
109945,407,LAS ARAUCARIAS,2018-02-12,2,0.0,0.0,Solar
109946,407,LAS ARAUCARIAS,2018-02-12,3,0.0,0.0,Solar
109947,407,LAS ARAUCARIAS,2018-02-12,4,0.0,0.0,Solar
109948,407,LAS ARAUCARIAS,2018-02-12,5,0.0,0.0,Solar
109949,407,LAS ARAUCARIAS,2018-02-12,6,0.0,0.0,Solar
109950,407,LAS ARAUCARIAS,2018-02-12,7,0.000161237,0.000161237,Solar
109951,407,LAS ARAUCARIAS,2018-02-12,8,0.010807396,0.010807396,Solar
109952,407,LAS ARAUCARIAS,2018-02-12,9,0.04119044,0.04119044,Solar
109953,407,LAS ARAUCARIAS,2018-02-12,10,0.068209801,0.068209801,Solar
109954,407,LAS ARAUCARIAS,2018-02-12,11,0.08583172800000001,0.08583172800000001,Solar
109955,407,LAS ARAUCARIAS,2018-02-12,12,0.093586733,0.093586733,Solar
109956,407,LAS ARAUCARIAS,2018-02-12,13,0.09480739,0.09480739,Solar
109957,407,LAS ARAUCARIAS,2018-02-12,14,0.096261766,0.096261766,Solar
109958,407,LAS ARAUCARIAS,2018-02-12,15,0.091513416,0.091513416,Solar
109959,407,LAS ARAUCARIAS,2018-02-12,16,0.082095181,0.082095181,Solar
109960,407,LAS ARAUCARIAS,2018-02-12,17,0.063978193,0.063978193,Solar
109961,407,LAS ARAUCARIAS,2018-02-12,18,0.038160947,0.038160947,Solar
109962,407,LAS ARAUCARIAS,2018-02-12,19,0.011715161000000002,0.011715161000000002,Solar
109963,407,LAS ARAUCARIAS,2018-02-12,20,0.000931084,0.000931084,Solar
109964,407,LAS ARAUCARIAS,2018-02-12,21,0.0,0.0,Solar
109965,407,LAS ARAUCARIAS,2018-02-12,22,0.0,0.0,Solar
109966,407,LAS ARAUCARIAS,2018-02-12,23,0.0,0.0,Solar
109967,407,LAS ARAUCARIAS,2018-02-12,24,0.0,0.0,Solar
117624,407,LAS ARAUCARIAS,2018-02-13,1,0.0,0.0,Solar
117625,407,LAS ARAUCARIAS,2018-02-13,2,0.0,0.0,Solar
117626,407,LAS ARAUCARIAS,2018-02-13,3,0.0,0.0,Solar
117627,407,LAS ARAUCARIAS,2018-02-13,4,0.0,0.0,Solar
117628,407,LAS ARAUCARIAS,2018-02-13,5,0.0,0.0,Solar
117629,407,LAS ARAUCARIAS,2018-02-13,6,0.0,0.0,Solar
117630,407,LAS ARAUCARIAS,2018-02-13,7,0.000151008,0.000151008,Solar
117631,407,LAS ARAUCARIAS,2018-02-13,8,0.009730535,0.009730535,Solar
117632,407,LAS ARAUCARIAS,2018-02-13,9,0.038657784,0.038657784,Solar
117633,407,LAS ARAUCARIAS,2018-02-13,10,0.06474746099999999,0.06474746099999999,Solar
117634,407,LAS ARAUCARIAS,2018-02-13,11,0.08207685099999999,0.08207685099999999,Solar
117635,407,LAS ARAUCARIAS,2018-02-13,12,0.093888872,0.093888872,Solar
117636,407,LAS ARAUCARIAS,2018-02-13,13,0.098828011,0.098828011,Solar
117637,407,LAS ARAUCARIAS,2018-02-13,14,0.099342741,0.099342741,Solar
117638,407,LAS ARAUCARIAS,2018-02-13,15,0.093674881,0.093674881,Solar
117639,407,LAS ARAUCARIAS,2018-02-13,16,0.08077383,0.08077383,Solar
117640,407,LAS ARAUCARIAS,2018-02-13,17,0.062382234,0.062382234,Solar
117641,407,LAS ARAUCARIAS,2018-02-13,18,0.036081675,0.036081675,Solar
117642,407,LAS ARAUCARIAS,2018-02-13,19,0.01217459,0.01217459,Solar
117643,407,LAS ARAUCARIAS,2018-02-13,20,0.001555584,0.001555584,Solar
117644,407,LAS ARAUCARIAS,2018-02-13,21,0.0,0.0,Solar
117645,407,LAS ARAUCARIAS,2018-02-13,22,0.0,0.0,Solar
117646,407,LAS ARAUCARIAS,2018-02-13,23,0.0,0.0,Solar
117647,407,LAS ARAUCARIAS,2018-02-13,24,0.0,0.0,Solar
123672,407,LAS ARAUCARIAS,2018-02-14,1,0.0,0.0,Solar
123673,407,LAS ARAUCARIAS,2018-02-14,2,0.0,0.0,Solar
123674,407,LAS ARAUCARIAS,2018-02-14,3,0.0,0.0,Solar
123675,407,LAS ARAUCARIAS,2018-02-14,4,0.0,0.0,Solar
123676,407,LAS ARAUCARIAS,2018-02-14,5,0.0,0.0,Solar
123677,407,LAS ARAUCARIAS,2018-02-14,6,0.0,0.0,Solar
123678,407,LAS ARAUCARIAS,2018-02-14,7,0.000169128,0.000169128,Solar
123679,407,LAS ARAUCARIAS,2018-02-14,8,0.008541257,0.008541257,Solar
123680,407,LAS ARAUCARIAS,2018-02-14,9,0.034958578,0.034958578,Solar
123681,407,LAS ARAUCARIAS,2018-02-14,10,0.061355744000000004,0.061355744000000004,Solar
123682,407,LAS ARAUCARIAS,2018-02-14,11,0.081354042,0.081354042,Solar
123683,407,LAS ARAUCARIAS,2018-02-14,12,0.092647816,0.092647816,Solar
123684,407,LAS ARAUCARIAS,2018-02-14,13,0.09748369800000001,0.09748369800000001,Solar
123685,407,LAS ARAUCARIAS,2018-02-14,14,0.097815023,0.097815023,Solar
123686,407,LAS ARAUCARIAS,2018-02-14,15,0.09258381800000001,0.09258381800000001,Solar
123687,407,LAS ARAUCARIAS,2018-02-14,16,0.081008812,0.081008812,Solar
123688,407,LAS ARAUCARIAS,2018-02-14,17,0.061413369,0.061413369,Solar
123689,407,LAS ARAUCARIAS,2018-02-14,18,0.035183418,0.035183418,Solar
123690,407,LAS ARAUCARIAS,2018-02-14,19,0.011080968,0.011080968,Solar
123691,407,LAS ARAUCARIAS,2018-02-14,20,0.0011423289999999999,0.0011423289999999999,Solar
123692,407,LAS ARAUCARIAS,2018-02-14,21,0.0,0.0,Solar
123693,407,LAS ARAUCARIAS,2018-02-14,22,0.0,0.0,Solar
123694,407,LAS ARAUCARIAS,2018-02-14,23,0.0,0.0,Solar
123695,407,LAS ARAUCARIAS,2018-02-14,24,0.0,0.0,Solar
133704,407,LAS ARAUCARIAS,2018-02-15,1,0.0,0.0,Solar
133705,407,LAS ARAUCARIAS,2018-02-15,2,0.0,0.0,Solar
133706,407,LAS ARAUCARIAS,2018-02-15,3,0.0,0.0,Solar
133707,407,LAS ARAUCARIAS,2018-02-15,4,0.0,0.0,Solar
133708,407,LAS ARAUCARIAS,2018-02-15,5,0.0,0.0,Solar
133709,407,LAS ARAUCARIAS,2018-02-15,6,0.0,0.0,Solar
133710,407,LAS ARAUCARIAS,2018-02-15,7,0.000118414,0.000118414,Solar
133711,407,LAS ARAUCARIAS,2018-02-15,8,0.008685284,0.008685284,Solar
133712,407,LAS ARAUCARIAS,2018-02-15,9,0.035868804,0.035868804,Solar
133713,407,LAS ARAUCARIAS,2018-02-15,10,0.062808553,0.062808553,Solar
133714,407,LAS ARAUCARIAS,2018-02-15,11,0.081878159,0.081878159,Solar
133715,407,LAS ARAUCARIAS,2018-02-15,12,0.091673031,0.091673031,Solar
133716,407,LAS ARAUCARIAS,2018-02-15,13,0.095975603,0.095975603,Solar
133717,407,LAS ARAUCARIAS,2018-02-15,14,0.096761755,0.096761755,Solar
133718,407,LAS ARAUCARIAS,2018-02-15,15,0.09188837400000001,0.09188837400000001,Solar
133719,407,LAS ARAUCARIAS,2018-02-15,16,0.081095337,0.081095337,Solar
133720,407,LAS ARAUCARIAS,2018-02-15,17,0.061543942000000004,0.061543942000000004,Solar
133721,407,LAS ARAUCARIAS,2018-02-15,18,0.035120966,0.035120966,Solar
133722,407,LAS ARAUCARIAS,2018-02-15,19,0.010840891,0.010840891,Solar
133723,407,LAS ARAUCARIAS,2018-02-15,20,0.001102392,0.001102392,Solar
133724,407,LAS ARAUCARIAS,2018-02-15,21,0.0,0.0,Solar
133725,407,LAS ARAUCARIAS,2018-02-15,22,0.0,0.0,Solar
133726,407,LAS ARAUCARIAS,2018-02-15,23,0.0,0.0,Solar
133727,407,LAS ARAUCARIAS,2018-02-15,24,0.0,0.0,Solar
145584,407,LAS ARAUCARIAS,2018-02-16,1,0.0,0.0,Solar
145585,407,LAS ARAUCARIAS,2018-02-16,2,0.0,0.0,Solar
145586,407,LAS ARAUCARIAS,2018-02-16,3,0.0,0.0,Solar
145587,407,LAS ARAUCARIAS,2018-02-16,4,0.0,0.0,Solar
145588,407,LAS ARAUCARIAS,2018-02-16,5,0.0,0.0,Solar
145589,407,LAS ARAUCARIAS,2018-02-16,6,0.0,0.0,Solar
145590,407,LAS ARAUCARIAS,2018-02-16,7,0.000137092,0.000137092,Solar
145591,407,LAS ARAUCARIAS,2018-02-16,8,0.008743643,0.008743643,Solar
145592,407,LAS ARAUCARIAS,2018-02-16,9,0.035575973999999996,0.035575973999999996,Solar
145593,407,LAS ARAUCARIAS,2018-02-16,10,0.061167520999999996,0.061167520999999996,Solar
145594,407,LAS ARAUCARIAS,2018-02-16,11,0.080574429,0.080574429,Solar
145595,407,LAS ARAUCARIAS,2018-02-16,12,0.090406866,0.090406866,Solar
145596,407,LAS ARAUCARIAS,2018-02-16,13,0.09612058300000001,0.09612058300000001,Solar
145597,407,LAS ARAUCARIAS,2018-02-16,14,0.096470045,0.096470045,Solar
145598,407,LAS ARAUCARIAS,2018-02-16,15,0.09248777400000001,0.09248777400000001,Solar
145599,407,LAS ARAUCARIAS,2018-02-16,16,0.080506081,0.080506081,Solar
145600,407,LAS ARAUCARIAS,2018-02-16,17,0.062154192000000004,0.062154192000000004,Solar
145601,407,LAS ARAUCARIAS,2018-02-16,18,0.035799755,0.035799755,Solar
145602,407,LAS ARAUCARIAS,2018-02-16,19,0.010225856,0.010225856,Solar
145603,407,LAS ARAUCARIAS,2018-02-16,20,0.000803515,0.000803515,Solar
145604,407,LAS ARAUCARIAS,2018-02-16,21,0.0,0.0,Solar
145605,407,LAS ARAUCARIAS,2018-02-16,22,0.0,0.0,Solar
145606,407,LAS ARAUCARIAS,2018-02-16,23,0.0,0.0,Solar
145607,407,LAS ARAUCARIAS,2018-02-16,24,0.0,0.0,Solar
156624,407,LAS ARAUCARIAS,2018-02-17,1,0.0,0.0,Solar
156625,407,LAS ARAUCARIAS,2018-02-17,2,0.0,0.0,Solar
156626,407,LAS ARAUCARIAS,2018-02-17,3,0.0,0.0,Solar
156627,407,LAS ARAUCARIAS,2018-02-17,4,0.0,0.0,Solar
156628,407,LAS ARAUCARIAS,2018-02-17,5,0.0,0.0,Solar
156629,407,LAS ARAUCARIAS,2018-02-17,6,0.0,0.0,Solar
156630,407,LAS ARAUCARIAS,2018-02-17,7,5.37817e-05,5.37817e-05,Solar
156631,407,LAS ARAUCARIAS,2018-02-17,8,0.008147336,0.008147336,Solar
156632,407,LAS ARAUCARIAS,2018-02-17,9,0.035066124,0.035066124,Solar
156633,407,LAS ARAUCARIAS,2018-02-17,10,0.06127534,0.06127534,Solar
156634,407,LAS ARAUCARIAS,2018-02-17,11,0.080736721,0.080736721,Solar
156635,407,LAS ARAUCARIAS,2018-02-17,12,0.089983143,0.089983143,Solar
156636,407,LAS ARAUCARIAS,2018-02-17,13,0.09515661800000001,0.09515661800000001,Solar
156637,407,LAS ARAUCARIAS,2018-02-17,14,0.092337584,0.092337584,Solar
156638,407,LAS ARAUCARIAS,2018-02-17,15,0.08770109400000001,0.08770109400000001,Solar
156639,407,LAS ARAUCARIAS,2018-02-17,16,0.078217812,0.078217812,Solar
156640,407,LAS ARAUCARIAS,2018-02-17,17,0.061127022999999996,0.061127022999999996,Solar
156641,407,LAS ARAUCARIAS,2018-02-17,18,0.034957788,0.034957788,Solar
156642,407,LAS ARAUCARIAS,2018-02-17,19,0.009932658,0.009932658,Solar
156643,407,LAS ARAUCARIAS,2018-02-17,20,0.0008406189999999999,0.0008406189999999999,Solar
156644,407,LAS ARAUCARIAS,2018-02-17,21,0.0,0.0,Solar
156645,407,LAS ARAUCARIAS,2018-02-17,22,0.0,0.0,Solar
156646,407,LAS ARAUCARIAS,2018-02-17,23,0.0,0.0,Solar
156647,407,LAS ARAUCARIAS,2018-02-17,24,0.0,0.0,Solar
166824,407,LAS ARAUCARIAS,2018-02-18,1,0.0,0.0,Solar
166825,407,LAS ARAUCARIAS,2018-02-18,2,0.0,0.0,Solar
166826,407,LAS ARAUCARIAS,2018-02-18,3,0.0,0.0,Solar
166827,407,LAS ARAUCARIAS,2018-02-18,4,0.0,0.0,Solar
166828,407,LAS ARAUCARIAS,2018-02-18,5,0.0,0.0,Solar
166829,407,LAS ARAUCARIAS,2018-02-18,6,0.0,0.0,Solar
166830,407,LAS ARAUCARIAS,2018-02-18,7,6.769400000000001e-06,6.769400000000001e-06,Solar
166831,407,LAS ARAUCARIAS,2018-02-18,8,0.008411758,0.008411758,Solar
166832,407,LAS ARAUCARIAS,2018-02-18,9,0.037012447999999996,0.037012447999999996,Solar
166833,407,LAS ARAUCARIAS,2018-02-18,10,0.06394893900000001,0.06394893900000001,Solar
166834,407,LAS ARAUCARIAS,2018-02-18,11,0.081279332,0.081279332,Solar
166835,407,LAS ARAUCARIAS,2018-02-18,12,0.093363436,0.093363436,Solar
166836,407,LAS ARAUCARIAS,2018-02-18,13,0.09516544699999999,0.09516544699999999,Solar
166837,407,LAS ARAUCARIAS,2018-02-18,14,0.094141745,0.094141745,Solar
166838,407,LAS ARAUCARIAS,2018-02-18,15,0.08916247199999999,0.08916247199999999,Solar
166839,407,LAS ARAUCARIAS,2018-02-18,16,0.078803255,0.078803255,Solar
166840,407,LAS ARAUCARIAS,2018-02-18,17,0.06130099,0.06130099,Solar
166841,407,LAS ARAUCARIAS,2018-02-18,18,0.036077849,0.036077849,Solar
166842,407,LAS ARAUCARIAS,2018-02-18,19,0.009787607,0.009787607,Solar
166843,407,LAS ARAUCARIAS,2018-02-18,20,0.000615568,0.000615568,Solar
166844,407,LAS ARAUCARIAS,2018-02-18,21,0.0,0.0,Solar
166845,407,LAS ARAUCARIAS,2018-02-18,22,0.0,0.0,Solar
166846,407,LAS ARAUCARIAS,2018-02-18,23,0.0,0.0,Solar
166847,407,LAS ARAUCARIAS,2018-02-18,24,0.0,0.0,Solar
179232,407,LAS ARAUCARIAS,2018-02-19,1,0.0,0.0,Solar
179233,407,LAS ARAUCARIAS,2018-02-19,2,0.0,0.0,Solar
179234,407,LAS ARAUCARIAS,2018-02-19,3,0.0,0.0,Solar
179235,407,LAS ARAUCARIAS,2018-02-19,4,0.0,0.0,Solar
179236,407,LAS ARAUCARIAS,2018-02-19,5,0.0,0.0,Solar
179237,407,LAS ARAUCARIAS,2018-02-19,6,0.0,0.0,Solar
179238,407,LAS ARAUCARIAS,2018-02-19,7,8.17327e-05,8.17327e-05,Solar
179239,407,LAS ARAUCARIAS,2018-02-19,8,0.008435169000000001,0.008435169000000001,Solar
179240,407,LAS ARAUCARIAS,2018-02-19,9,0.026253706,0.026253706,Solar
179241,407,LAS ARAUCARIAS,2018-02-19,10,0.054216819000000006,0.054216819000000006,Solar
179242,407,LAS ARAUCARIAS,2018-02-19,11,0.080730976,0.080730976,Solar
179243,407,LAS ARAUCARIAS,2018-02-19,12,0.092872829,0.092872829,Solar
179244,407,LAS ARAUCARIAS,2018-02-19,13,0.097011305,0.097011305,Solar
179245,407,LAS ARAUCARIAS,2018-02-19,14,0.097700872,0.097700872,Solar
179246,407,LAS ARAUCARIAS,2018-02-19,15,0.092496811,0.092496811,Solar
179247,407,LAS ARAUCARIAS,2018-02-19,16,0.07999161,0.07999161,Solar
179248,407,LAS ARAUCARIAS,2018-02-19,17,0.059521265,0.059521265,Solar
179249,407,LAS ARAUCARIAS,2018-02-19,18,0.034067825,0.034067825,Solar
179250,407,LAS ARAUCARIAS,2018-02-19,19,0.009788829,0.009788829,Solar
179251,407,LAS ARAUCARIAS,2018-02-19,20,0.0007833769999999999,0.0007833769999999999,Solar
179252,407,LAS ARAUCARIAS,2018-02-19,21,0.0,0.0,Solar
179253,407,LAS ARAUCARIAS,2018-02-19,22,0.0,0.0,Solar
179254,407,LAS ARAUCARIAS,2018-02-19,23,0.0,0.0,Solar
179255,407,LAS ARAUCARIAS,2018-02-19,24,0.0,0.0,Solar
187272,407,LAS ARAUCARIAS,2018-02-20,1,0.0,0.0,Solar
187273,407,LAS ARAUCARIAS,2018-02-20,2,0.0,0.0,Solar
187274,407,LAS ARAUCARIAS,2018-02-20,3,0.0,0.0,Solar
187275,407,LAS ARAUCARIAS,2018-02-20,4,0.0,0.0,Solar
187276,407,LAS ARAUCARIAS,2018-02-20,5,0.0,0.0,Solar
187277,407,LAS ARAUCARIAS,2018-02-20,6,0.0,0.0,Solar
187278,407,LAS ARAUCARIAS,2018-02-20,7,3.41025e-05,3.41025e-05,Solar
187279,407,LAS ARAUCARIAS,2018-02-20,8,0.006271929,0.006271929,Solar
187280,407,LAS ARAUCARIAS,2018-02-20,9,0.034544182,0.034544182,Solar
187281,407,LAS ARAUCARIAS,2018-02-20,10,0.060460275,0.060460275,Solar
187282,407,LAS ARAUCARIAS,2018-02-20,11,0.07935282099999999,0.07935282099999999,Solar
187283,407,LAS ARAUCARIAS,2018-02-20,12,0.092161005,0.092161005,Solar
187284,407,LAS ARAUCARIAS,2018-02-20,13,0.096790186,0.096790186,Solar
187285,407,LAS ARAUCARIAS,2018-02-20,14,0.09582064800000001,0.09582064800000001,Solar
187286,407,LAS ARAUCARIAS,2018-02-20,15,0.090487938,0.090487938,Solar
187287,407,LAS ARAUCARIAS,2018-02-20,16,0.079209896,0.079209896,Solar
187288,407,LAS ARAUCARIAS,2018-02-20,17,0.060304075,0.060304075,Solar
187289,407,LAS ARAUCARIAS,2018-02-20,18,0.034252,0.034252,Solar
187290,407,LAS ARAUCARIAS,2018-02-20,19,0.009268473000000001,0.009268473000000001,Solar
187291,407,LAS ARAUCARIAS,2018-02-20,20,0.000645947,0.000645947,Solar
187292,407,LAS ARAUCARIAS,2018-02-20,21,0.0,0.0,Solar
187293,407,LAS ARAUCARIAS,2018-02-20,22,0.0,0.0,Solar
187294,407,LAS ARAUCARIAS,2018-02-20,23,0.0,0.0,Solar
187295,407,LAS ARAUCARIAS,2018-02-20,24,0.0,0.0,Solar
194808,407,LAS ARAUCARIAS,2018-02-21,1,0.0,0.0,Solar
194809,407,LAS ARAUCARIAS,2018-02-21,2,0.0,0.0,Solar
194810,407,LAS ARAUCARIAS,2018-02-21,3,0.0,0.0,Solar
194811,407,LAS ARAUCARIAS,2018-02-21,4,0.0,0.0,Solar
194812,407,LAS ARAUCARIAS,2018-02-21,5,0.0,0.0,Solar
194813,407,LAS ARAUCARIAS,2018-02-21,6,0.0,0.0,Solar
194814,407,LAS ARAUCARIAS,2018-02-21,7,3.71975e-05,3.71975e-05,Solar
194815,407,LAS ARAUCARIAS,2018-02-21,8,0.007530162,0.007530162,Solar
194816,407,LAS ARAUCARIAS,2018-02-21,9,0.036255622,0.036255622,Solar
194817,407,LAS ARAUCARIAS,2018-02-21,10,0.062714622,0.062714622,Solar
194818,407,LAS ARAUCARIAS,2018-02-21,11,0.080959171,0.080959171,Solar
194819,407,LAS ARAUCARIAS,2018-02-21,12,0.090427406,0.090427406,Solar
194820,407,LAS ARAUCARIAS,2018-02-21,13,0.097152689,0.097152689,Solar
194821,407,LAS ARAUCARIAS,2018-02-21,14,0.096764139,0.096764139,Solar
194822,407,LAS ARAUCARIAS,2018-02-21,15,0.090900599,0.090900599,Solar
194823,407,LAS ARAUCARIAS,2018-02-21,16,0.077858177,0.077858177,Solar
194824,407,LAS ARAUCARIAS,2018-02-21,17,0.058915298,0.058915298,Solar
194825,407,LAS ARAUCARIAS,2018-02-21,18,0.032735566,0.032735566,Solar
194826,407,LAS ARAUCARIAS,2018-02-21,19,0.009007875,0.009007875,Solar
194827,407,LAS ARAUCARIAS,2018-02-21,20,0.000523107,0.000523107,Solar
194828,407,LAS ARAUCARIAS,2018-02-21,21,0.0,0.0,Solar
194829,407,LAS ARAUCARIAS,2018-02-21,22,0.0,0.0,Solar
194830,407,LAS ARAUCARIAS,2018-02-21,23,0.0,0.0,Solar
194831,407,LAS ARAUCARIAS,2018-02-21,24,0.0,0.0,Solar
199872,407,LAS ARAUCARIAS,2018-02-22,1,0.0,0.0,Solar
199873,407,LAS ARAUCARIAS,2018-02-22,2,0.0,0.0,Solar
199874,407,LAS ARAUCARIAS,2018-02-22,3,0.0,0.0,Solar
199875,407,LAS ARAUCARIAS,2018-02-22,4,0.0,0.0,Solar
199876,407,LAS ARAUCARIAS,2018-02-22,5,0.0,0.0,Solar
199877,407,LAS ARAUCARIAS,2018-02-22,6,0.0,0.0,Solar
199878,407,LAS ARAUCARIAS,2018-02-22,7,1.2291600000000001e-05,1.2291600000000001e-05,Solar
199879,407,LAS ARAUCARIAS,2018-02-22,8,0.007732737,0.007732737,Solar
199880,407,LAS ARAUCARIAS,2018-02-22,9,0.032644713,0.032644713,Solar
199881,407,LAS ARAUCARIAS,2018-02-22,10,0.061251064,0.061251064,Solar
199882,407,LAS ARAUCARIAS,2018-02-22,11,0.07998735400000001,0.07998735400000001,Solar
199883,407,LAS ARAUCARIAS,2018-02-22,12,0.09006665800000001,0.09006665800000001,Solar
199884,407,LAS ARAUCARIAS,2018-02-22,13,0.095988215,0.095988215,Solar
199885,407,LAS ARAUCARIAS,2018-02-22,14,0.095126575,0.095126575,Solar
199886,407,LAS ARAUCARIAS,2018-02-22,15,0.089147177,0.089147177,Solar
199887,407,LAS ARAUCARIAS,2018-02-22,16,0.077882658,0.077882658,Solar
199888,407,LAS ARAUCARIAS,2018-02-22,17,0.058849501,0.058849501,Solar
199889,407,LAS ARAUCARIAS,2018-02-22,18,0.033292527,0.033292527,Solar
199890,407,LAS ARAUCARIAS,2018-02-22,19,0.00904079,0.00904079,Solar
199891,407,LAS ARAUCARIAS,2018-02-22,20,0.000647922,0.000647922,Solar
199892,407,LAS ARAUCARIAS,2018-02-22,21,0.0,0.0,Solar
199893,407,LAS ARAUCARIAS,2018-02-22,22,0.0,0.0,Solar
199894,407,LAS ARAUCARIAS,2018-02-22,23,0.0,0.0,Solar
199895,407,LAS ARAUCARIAS,2018-02-22,24,0.0,0.0,Solar
217560,407,LAS ARAUCARIAS,2018-02-23,1,0.0,0.0,Solar
217561,407,LAS ARAUCARIAS,2018-02-23,2,0.0,0.0,Solar
217562,407,LAS ARAUCARIAS,2018-02-23,3,0.0,0.0,Solar
217563,407,LAS ARAUCARIAS,2018-02-23,4,0.0,0.0,Solar
217564,407,LAS ARAUCARIAS,2018-02-23,5,0.0,0.0,Solar
217565,407,LAS ARAUCARIAS,2018-02-23,6,0.0,0.0,Solar
217566,407,LAS ARAUCARIAS,2018-02-23,7,3.03755e-05,3.03755e-05,Solar
217567,407,LAS ARAUCARIAS,2018-02-23,8,0.006528468000000001,0.006528468000000001,Solar
217568,407,LAS ARAUCARIAS,2018-02-23,9,0.036969417000000004,0.036969417000000004,Solar
217569,407,LAS ARAUCARIAS,2018-02-23,10,0.036080746000000004,0.036080746000000004,Solar
217570,407,LAS ARAUCARIAS,2018-02-23,11,0.06927667400000001,0.06927667400000001,Solar
217571,407,LAS ARAUCARIAS,2018-02-23,12,0.076758985,0.076758985,Solar
217572,407,LAS ARAUCARIAS,2018-02-23,13,0.094775949,0.094775949,Solar
217573,407,LAS ARAUCARIAS,2018-02-23,14,0.089761559,0.089761559,Solar
217574,407,LAS ARAUCARIAS,2018-02-23,15,0.086817108,0.086817108,Solar
217575,407,LAS ARAUCARIAS,2018-02-23,16,0.075614443,0.075614443,Solar
217576,407,LAS ARAUCARIAS,2018-02-23,17,0.063874681,0.063874681,Solar
217577,407,LAS ARAUCARIAS,2018-02-23,18,0.035417526,0.035417526,Solar
217578,407,LAS ARAUCARIAS,2018-02-23,19,0.012903371,0.012903371,Solar
217579,407,LAS ARAUCARIAS,2018-02-23,20,0.001307335,0.001307335,Solar
217580,407,LAS ARAUCARIAS,2018-02-23,21,0.0,0.0,Solar
217581,407,LAS ARAUCARIAS,2018-02-23,22,0.0,0.0,Solar
217582,407,LAS ARAUCARIAS,2018-02-23,23,0.0,0.0,Solar
217583,407,LAS ARAUCARIAS,2018-02-23,24,0.0,0.0,Solar
225120,407,LAS ARAUCARIAS,2018-02-24,1,0.0,0.0,Solar
225121,407,LAS ARAUCARIAS,2018-02-24,2,0.0,0.0,Solar
225122,407,LAS ARAUCARIAS,2018-02-24,3,0.0,0.0,Solar
225123,407,LAS ARAUCARIAS,2018-02-24,4,0.0,0.0,Solar
225124,407,LAS ARAUCARIAS,2018-02-24,5,0.0,0.0,Solar
225125,407,LAS ARAUCARIAS,2018-02-24,6,0.0,0.0,Solar
225126,407,LAS ARAUCARIAS,2018-02-24,7,8.29205e-06,8.29205e-06,Solar
225127,407,LAS ARAUCARIAS,2018-02-24,8,0.006748441,0.006748441,Solar
225128,407,LAS ARAUCARIAS,2018-02-24,9,0.033743914,0.033743914,Solar
225129,407,LAS ARAUCARIAS,2018-02-24,10,0.059770272,0.059770272,Solar
225130,407,LAS ARAUCARIAS,2018-02-24,11,0.079223896,0.079223896,Solar
225131,407,LAS ARAUCARIAS,2018-02-24,12,0.090173374,0.090173374,Solar
225132,407,LAS ARAUCARIAS,2018-02-24,13,0.094275545,0.094275545,Solar
225133,407,LAS ARAUCARIAS,2018-02-24,14,0.094066275,0.094066275,Solar
225134,407,LAS ARAUCARIAS,2018-02-24,15,0.022700599999999998,0.022700599999999998,Solar
225135,407,LAS ARAUCARIAS,2018-02-24,16,0.0,0.0,Solar
225136,407,LAS ARAUCARIAS,2018-02-24,17,0.0,0.0,Solar
225137,407,LAS ARAUCARIAS,2018-02-24,18,0.0,0.0,Solar
225138,407,LAS ARAUCARIAS,2018-02-24,19,0.0,0.0,Solar
225139,407,LAS ARAUCARIAS,2018-02-24,20,0.0,0.0,Solar
225140,407,LAS ARAUCARIAS,2018-02-24,21,0.0,0.0,Solar
225141,407,LAS ARAUCARIAS,2018-02-24,22,0.0,0.0,Solar
225142,407,LAS ARAUCARIAS,2018-02-24,23,0.0,0.0,Solar
225143,407,LAS ARAUCARIAS,2018-02-24,24,0.0,0.0,Solar
235080,407,LAS ARAUCARIAS,2018-02-25,1,0.0,0.0,Solar
235081,407,LAS ARAUCARIAS,2018-02-25,2,0.0,0.0,Solar
235082,407,LAS ARAUCARIAS,2018-02-25,3,0.0,0.0,Solar
235083,407,LAS ARAUCARIAS,2018-02-25,4,0.0,0.0,Solar
235084,407,LAS ARAUCARIAS,2018-02-25,5,0.0,0.0,Solar
235085,407,LAS ARAUCARIAS,2018-02-25,6,0.0,0.0,Solar
235086,407,LAS ARAUCARIAS,2018-02-25,7,0.0,0.0,Solar
235087,407,LAS ARAUCARIAS,2018-02-25,8,0.0,0.0,Solar
235088,407,LAS ARAUCARIAS,2018-02-25,9,0.0,0.0,Solar
235089,407,LAS ARAUCARIAS,2018-02-25,10,0.0,0.0,Solar
235090,407,LAS ARAUCARIAS,2018-02-25,11,0.0,0.0,Solar
235091,407,LAS ARAUCARIAS,2018-02-25,12,0.0,0.0,Solar
235092,407,LAS ARAUCARIAS,2018-02-25,13,0.0,0.0,Solar
235093,407,LAS ARAUCARIAS,2018-02-25,14,0.0,0.0,Solar
235094,407,LAS ARAUCARIAS,2018-02-25,15,0.0,0.0,Solar
235095,407,LAS ARAUCARIAS,2018-02-25,16,0.0,0.0,Solar
235096,407,LAS ARAUCARIAS,2018-02-25,17,0.0,0.0,Solar
235097,407,LAS ARAUCARIAS,2018-02-25,18,0.0,0.0,Solar
235098,407,LAS ARAUCARIAS,2018-02-25,19,0.0,0.0,Solar
235099,407,LAS ARAUCARIAS,2018-02-25,20,0.0,0.0,Solar
235100,407,LAS ARAUCARIAS,2018-02-25,21,0.0,0.0,Solar
235101,407,LAS ARAUCARIAS,2018-02-25,22,0.0,0.0,Solar
235102,407,LAS ARAUCARIAS,2018-02-25,23,0.0,0.0,Solar
235103,407,LAS ARAUCARIAS,2018-02-25,24,0.0,0.0,Solar
236952,407,LAS ARAUCARIAS,2018-02-26,1,0.0,0.0,Solar
236953,407,LAS ARAUCARIAS,2018-02-26,2,0.0,0.0,Solar
236954,407,LAS ARAUCARIAS,2018-02-26,3,0.0,0.0,Solar
236955,407,LAS ARAUCARIAS,2018-02-26,4,0.0,0.0,Solar
236956,407,LAS ARAUCARIAS,2018-02-26,5,0.0,0.0,Solar
236957,407,LAS ARAUCARIAS,2018-02-26,6,0.0,0.0,Solar
236958,407,LAS ARAUCARIAS,2018-02-26,7,7.02322e-06,7.02322e-06,Solar
236959,407,LAS ARAUCARIAS,2018-02-26,8,0.006103603000000001,0.006103603000000001,Solar
236960,407,LAS ARAUCARIAS,2018-02-26,9,0.033572477,0.033572477,Solar
236961,407,LAS ARAUCARIAS,2018-02-26,10,0.059837907999999995,0.059837907999999995,Solar
236962,407,LAS ARAUCARIAS,2018-02-26,11,0.079748367,0.079748367,Solar
236963,407,LAS ARAUCARIAS,2018-02-26,12,0.090182772,0.090182772,Solar
236964,407,LAS ARAUCARIAS,2018-02-26,13,0.09446327199999999,0.09446327199999999,Solar
236965,407,LAS ARAUCARIAS,2018-02-26,14,0.095759956,0.095759956,Solar
236966,407,LAS ARAUCARIAS,2018-02-26,15,0.08976403,0.08976403,Solar
236967,407,LAS ARAUCARIAS,2018-02-26,16,0.076816252,0.076816252,Solar
236968,407,LAS ARAUCARIAS,2018-02-26,17,0.051470477,0.051470477,Solar
236969,407,LAS ARAUCARIAS,2018-02-26,18,0.031291598,0.031291598,Solar
236970,407,LAS ARAUCARIAS,2018-02-26,19,0.007728496999999999,0.007728496999999999,Solar
236971,407,LAS ARAUCARIAS,2018-02-26,20,0.000389635,0.000389635,Solar
236972,407,LAS ARAUCARIAS,2018-02-26,21,0.0,0.0,Solar
236973,407,LAS ARAUCARIAS,2018-02-26,22,0.0,0.0,Solar
236974,407,LAS ARAUCARIAS,2018-02-26,23,0.0,0.0,Solar
236975,407,LAS ARAUCARIAS,2018-02-26,24,0.0,0.0,Solar
255624,407,LAS ARAUCARIAS,2018-02-27,1,0.0,0.0,Solar
255625,407,LAS ARAUCARIAS,2018-02-27,2,0.0,0.0,Solar
255626,407,LAS ARAUCARIAS,2018-02-27,3,0.0,0.0,Solar
255627,407,LAS ARAUCARIAS,2018-02-27,4,0.0,0.0,Solar
255628,407,LAS ARAUCARIAS,2018-02-27,5,0.0,0.0,Solar
255629,407,LAS ARAUCARIAS,2018-02-27,6,0.0,0.0,Solar
255630,407,LAS ARAUCARIAS,2018-02-27,7,0.0,0.0,Solar
255631,407,LAS ARAUCARIAS,2018-02-27,8,0.00272897,0.00272897,Solar
255632,407,LAS ARAUCARIAS,2018-02-27,9,0.00985296,0.00985296,Solar
255633,407,LAS ARAUCARIAS,2018-02-27,10,0.043619748,0.043619748,Solar
255634,407,LAS ARAUCARIAS,2018-02-27,11,0.077148985,0.077148985,Solar
255635,407,LAS ARAUCARIAS,2018-02-27,12,0.09024926,0.09024926,Solar
255636,407,LAS ARAUCARIAS,2018-02-27,13,0.096439947,0.096439947,Solar
255637,407,LAS ARAUCARIAS,2018-02-27,14,0.09670024099999999,0.09670024099999999,Solar
255638,407,LAS ARAUCARIAS,2018-02-27,15,0.09067203900000001,0.09067203900000001,Solar
255639,407,LAS ARAUCARIAS,2018-02-27,16,0.077504509,0.077504509,Solar
255640,407,LAS ARAUCARIAS,2018-02-27,17,0.057672231,0.057672231,Solar
255641,407,LAS ARAUCARIAS,2018-02-27,18,0.031125798,0.031125798,Solar
255642,407,LAS ARAUCARIAS,2018-02-27,19,0.012044748999999999,0.012044748999999999,Solar
255643,407,LAS ARAUCARIAS,2018-02-27,20,0.000884902,0.000884902,Solar
255644,407,LAS ARAUCARIAS,2018-02-27,21,0.0,0.0,Solar
255645,407,LAS ARAUCARIAS,2018-02-27,22,0.0,0.0,Solar
255646,407,LAS ARAUCARIAS,2018-02-27,23,0.0,0.0,Solar
255647,407,LAS ARAUCARIAS,2018-02-27,24,0.0,0.0,Solar
256920,407,LAS ARAUCARIAS,2018-02-28,1,0.0,0.0,Solar
256921,407,LAS ARAUCARIAS,2018-02-28,2,0.0,0.0,Solar
256922,407,LAS ARAUCARIAS,2018-02-28,3,0.0,0.0,Solar
256923,407,LAS ARAUCARIAS,2018-02-28,4,0.0,0.0,Solar
256924,407,LAS ARAUCARIAS,2018-02-28,5,0.0,0.0,Solar
256925,407,LAS ARAUCARIAS,2018-02-28,6,0.0,0.0,Solar
256926,407,LAS ARAUCARIAS,2018-02-28,7,0.0,0.0,Solar
256927,407,LAS ARAUCARIAS,2018-02-28,8,0.005489852,0.005489852,Solar
256928,407,LAS ARAUCARIAS,2018-02-28,9,0.029099387,0.029099387,Solar
256929,407,LAS ARAUCARIAS,2018-02-28,10,0.054428667,0.054428667,Solar
256930,407,LAS ARAUCARIAS,2018-02-28,11,0.073235825,0.073235825,Solar
256931,407,LAS ARAUCARIAS,2018-02-28,12,0.085090975,0.085090975,Solar
256932,407,LAS ARAUCARIAS,2018-02-28,13,0.09176362199999999,0.09176362199999999,Solar
256933,407,LAS ARAUCARIAS,2018-02-28,14,0.092135149,0.092135149,Solar
256934,407,LAS ARAUCARIAS,2018-02-28,15,0.085569429,0.085569429,Solar
256935,407,LAS ARAUCARIAS,2018-02-28,16,0.07287855900000001,0.07287855900000001,Solar
256936,407,LAS ARAUCARIAS,2018-02-28,17,0.056526411,0.056526411,Solar
256937,407,LAS ARAUCARIAS,2018-02-28,18,0.029240872,0.029240872,Solar
256938,407,LAS ARAUCARIAS,2018-02-28,19,0.006929848000000001,0.006929848000000001,Solar
256939,407,LAS ARAUCARIAS,2018-02-28,20,0.000342909,0.000342909,Solar
256940,407,LAS ARAUCARIAS,2018-02-28,21,0.0,0.0,Solar
256941,407,LAS ARAUCARIAS,2018-02-28,22,0.0,0.0,Solar
256942,407,LAS ARAUCARIAS,2018-02-28,23,0.0,0.0,Solar
256943,407,LAS ARAUCARIAS,2018-02-28,24,0.0,0.0,Solar
